	rs100026	rs100027	rs100081	rs100102	rs100120	rs100144	rs100178	rs100231	rs100264	rs100303	rs100330	rs100345	rs100393	rs100394	rs100478	rs100489	rs100545	rs100553	rs100696	rs100770	rs100805	rs100834	rs100839	rs100867	rs100894	rs100915	rs100918	rs100971	rs100993	rs101004	rs101027	rs101036	rs101063	rs101093	rs101134	rs101140	rs101141	rs101204	rs101210	rs101216	rs101270	rs101279	rs101286	rs101295	rs101331	rs101415	rs101458	rs101477	rs101506	rs101544	rs101565	rs101630	rs101633	rs101671	rs101683	rs101691	rs101695	rs101698	rs101731	rs101870	rs101900	rs101940	rs101963	rs101984
rs100026	1.0	0.0019704903725522283	0.0005456885723944603	3.956199921617733e-05	0.0007242407958553778	0.0006587891367435979	0.030286906857577296	0.0006444975249173746	0.013972149794519849	0.000429603070547068	0.0020409175625208205	0.010945056984222355	0.0002038201723736312	0.03151591595534697	0.0016775887995316542	0.0016948030387497824	0.01866959825647546	0.000527663219315689	0.0012994711805895906	0.008900560418862917	0.024647898612754196	0.00032707424561484206	0.009405927400821478	0.00029558037381297947	0.0005668030536514485	0.0001001912155978609	0.00029021721030455714	0.0011241593897420466	0.04010335007522972	0.0009533180514106985	0.0012790019980126323	0.0038608152183125504	6.994022433053861e-05	1.6174770675965699e-34	0.008260413984319712	0.0023136829474468836	0.012718285018754476	0.0010594299676163984	0.011502586775894526	0.0022968705139247724	0.0005991915660735588	0.0012849330037355592	0.012269427864971977	0.005730113878869666	0.001542196352534351	6.523529555665931e-05	4.752399961980815e-05	0.008860571751492666	0.003360184810164551	0.0009136094914156101	0.012038869159524996	0.0021878810076502685	0.006437065566967558	0.0004286867687016143	0.0023744520731076016	0.001763668430335097	0.010350683918661903	0.0070010517455970575	0.0012266495778198523	0.003128169794836462	0.00040384536508567454	0.0009647417054824422	0.008422518839185496	0.011656501295340896
rs100027	0.0019704903725522283	1.0	0.05248593986940183	0.0002740790048790936	0.000806251342353957	0.005173979433017311	0.0015224952750146636	0.001412745218923268	0.002201664301677864	0.015563521747833667	0.022338559653503835	0.004842680595042503	0.0011711405044414255	0.00013583541851199728	0.023918860479243517	0.003127275634846987	0.024117615128625904	0.007868227559476066	0.0015775106143048057	0.0011466002686649664	0.0001889652616257881	0.008669969955710967	0.007328280058414272	3.029189458950794e-06	0.000295994686534407	0.00014466054959199996	0.0023645436992417628	0.0006761098538820427	0.018735222465562234	0.003878269052501496	0.009215381490738804	0.013276835975251854	2.6616266105166166e-07	0.006264318442153501	0.0004356671999596079	0.022150947777477944	0.0007744058854847295	0.004806100402396547	0.00026195597494024515	0.0008248564350218634	0.011432908298900356	0.005829094149753268	0.0039915627266222265	0.01411094807585506	0.002266631803600946	0.00010376559254566868	0.005267814885692533	0.0039786181966927365	0.01129051788570022	0.001459878410126937	0.019620212730377666	0.005603279231320655	0.00327347726813313	0.002260568627983048	0.0006882411138035361	0.001718213058419246	0.0021605776872473397	0.00011183410209768778	0.004845845207436889	0.0022608579309610255	0.024399240174833556	0.0024818633066055833	0.0001757263355201497	0.011078544920742502
rs100081	0.0005456885723944603	0.05248593986940183	1.0	0.00019899297369506565	0.0018394582953988358	0.004450679157659212	0.002584363796383513	5.7260509304025e-07	0.004874915098609675	0.003162316031932642	0.00025138408633088467	0.03143406004983282	0.0012698421088100107	0.008405543009801909	0.00522366469092121	0.017556055500387868	4.501508175428145e-05	0.0046355444225321925	0.011327513610615928	0.00022723579394891527	0.0020104439997725904	0.00013071166477233545	0.0002964402998243775	0.0057710463678823445	0.0007527354212290396	0.004852727517328339	1.4651396042551494e-05	0.006947379089310155	0.00669520208094639	0.0013932797279389748	0.014745946988527278	0.00533287079376704	0.002038277330442908	0.0183836403109461	0.021933100108933713	0.002857941443806828	0.0073519217569033716	0.01694340253392133	0.0023060713249855114	0.0008516211921928823	0.004819561410411649	4.522811897172267e-06	0.0002723575008975888	0.0029343734130923217	0.0012211571351340494	0.004828233651344755	0.016274894709495447	0.0001465919702700039	0.00921073244643691	0.016593602564633835	2.6778131499530313e-05	0.0006682935179721547	0.0036179303737997595	1.1485454855420372e-06	0.0009546489631768147	0.0012605924784648758	0.007647969790611598	0.002368689846843308	0.0007833047233060916	0.0058886550237484975	0.0036633854763259257	0.0005663238645240166	0.0017333146578891972	0.0030929545767505555
rs100102	3.956199921617733e-05	0.0002740790048790936	0.00019899297369506565	1.0	0.0028626767076875134	0.011043941350883277	0.0002328606560484708	0.0002524205220742327	0.00635871082842431	0.030208590925689092	0.0018877921149959274	4.232390157072282e-05	0.0005305180118947721	0.010063472679953256	0.0014228689354894028	0.007159639626139221	0.0015264282950158273	0.0010035530146807246	0.00045377840706600526	0.0008203560679814287	0.005057571050410382	1.0340007076365176e-06	0.0009836161938607745	0.008018724146494457	0.008765453677571835	0.0004948946093959206	0.009319564253434633	0.008760021707234736	0.0015617466634527647	0.004142974060287896	3.8708634263282686e-05	0.0019357724706108516	0.00983763521282069	0.010431386512078103	9.26927832874913e-05	0.002658371993600449	0.002091753644296554	0.004490799603667452	0.0006973894865831881	0.0005357042586450766	0.00016504714504975027	0.001094357355462354	0.002345931959290673	0.003866653981431296	8.932199576052764e-05	0.006715266525734989	0.008250031598148029	0.0011520782243168665	0.0005906403986108161	0.00025840034588490627	0.000559230770882326	3.213140271933613e-05	0.007837916975058897	0.0018122961647797403	0.0008970624859647654	0.009969623802476799	0.0007433957084647686	0.0030881999040713003	0.003301921479657008	0.0003010253808602584	0.020225857569199156	4.401985669997191e-05	0.0009364224061630374	0.0032572408916715
rs100120	0.0007242407958553778	0.000806251342353957	0.0018394582953988358	0.0028626767076875134	1.0	4.5597343815139076e-05	0.003687889618941695	0.0019978651429150575	7.312412251053203e-06	0.0005736092901292292	0.0018609864080559445	0.0032994226010448395	0.012939453124999977	0.0066978711341417144	2.0346360362676966e-05	6.6235693090294115e-06	0.0003844547387606318	0.006630139509185497	0.0016112600244072514	0.0006579992490324029	0.0017059763810341082	0.00012805642102411136	0.0007770453839784754	0.0003617655363340804	0.019734608782537362	0.014507700077856536	0.00018405553218342236	6.351626016260173e-06	0.0019083037136452155	0.0009082652134423198	0.0002293952895815354	0.008217627127960302	0.00013342547052900717	0.001307896205357139	0.0003069132374885237	0.002678673091255373	0.006657130281690114	0.0034857862955644547	0.013812712289103156	0.0004479291035091356	0.014275655567517793	0.004227746988521704	0.006138262444496363	0.013228256062858944	0.00014709728033472625	0.003944155274273638	0.00028653630239521146	0.0009268542866959126	0.0015378189550425342	0.0005493164062500026	0.00016595700507022725	0.00023386342376052567	0.007970636541193198	0.0006200647904434029	0.012517385257301722	0.014770507812500002	0.00883086599798557	2.334929156519753e-05	0.00478441700926652	0.016280778976091405	0.005094197227191426	0.014282226562499976	0.0031960227272727288	0.005831621891651885
rs100144	0.0006587891367435979	0.005173979433017311	0.004450679157659212	0.011043941350883277	4.5597343815139076e-05	1.0	0.0001974639361285018	0.001434299115019945	1.1523416004041858e-05	0.000736766319250155	0.0027397253475037694	0.0030621221994069957	0.007741119175479207	0.004401781995652528	0.0039922396273168615	0.013712936760945144	0.001829438657360925	0.008178398877784834	0.006271552532512706	0.018215224127047576	5.304801057870845e-06	0.004722521278178881	4.587183050584204e-05	0.00971817291651739	0.010264346198307484	0.005173979433017321	0.0017891017652819877	0.000232509382445978	0.004030018651854749	8.654781379955661e-07	0.0013485592475816388	0.00011196953171703635	0.001954904446290523	0.0008862457495653826	0.00025287936019334435	0.00011696118930256217	0.0004183812234906006	0.0034862003191307917	0.0018012594141694814	0.005485110972477538	1.5406445950734536e-05	0.00042404149404673847	0.001398619813369179	0.0019153586761219013	0.0059182518249593355	0.004677460729407612	0.0005994799751934404	0.005101314142057606	0.0014797749734731104	1.2837902715132912e-05	4.431883657559693e-05	0.0008428609941213718	0.0016893758656678006	0.002366420204404514	6.0384027505298674e-05	0.0019057828598654032	0.0012768970440393793	0.00014081799455055845	0.005393142256651064	0.009300653038369645	0.00817468767076318	0.022982461096629374	0.000163778214519683	0.007597373328539329
rs100178	0.030286906857577296	0.0015224952750146636	0.002584363796383513	0.0002328606560484708	0.003687889618941695	0.0001974639361285018	1.0	0.00047351120957773383	0.005159772313591498	0.0030333463740900364	0.018644668818737515	0.0005425004733279602	0.01698157384378189	0.0010850249955441807	0.0036002265097908742	0.001773326579294932	0.006486710082095977	0.007661005118602118	0.001737672191026457	0.0047241451614960595	0.00037459115250787484	0.00041619458089408196	0.003053379841547605	0.0001589336397682921	0.009588587963581634	0.01668408615283612	0.0057098154512233825	0.00013743663542933757	0.002661976058611008	0.0008710499448044413	0.025891251652243083	0.006081022239004401	0.002337219196073574	0.0050172258086095805	0.012076448699764476	0.000143398373944646	0.003447569571543574	0.00027029692033299845	0.0009294174043431321	9.412160044058232e-05	0.013879777351434983	0.011331437396885705	0.010933096675465057	0.0016612409195003975	0.006217643539113892	0.005768884647686714	0.0005061289268804937	0.001577279590031315	0.0032571529200437245	0.004088143100836671	0.00018678851862322533	0.0014727208254420637	6.902039247405487e-05	0.003279011194830256	0.0006021136174393456	0.0018730976352142336	0.0029064535594927592	0.004511706955250319	0.005537213483687196	0.0021223690153683293	0.0018802180868686688	0.010926653018669038	0.0035971988676273274	0.0074277220945257
rs100231	0.0006444975249173746	0.001412745218923268	5.7260509304025e-07	0.0002524205220742327	0.0019978651429150575	0.001434299115019945	0.00047351120957773383	1.0	0.006057524985218777	0.0012879205566364287	4.907602574265273e-05	0.0009084491480743066	0.0010722295106629955	0.002125123899712185	0.002829804141752447	0.004114509873881283	0.00036856780822519433	0.00533098054501554	0.004993269645890932	4.2508262441052065e-06	0.0005083810122223644	0.005477699923671441	0.0006345849955539553	0.004447412341890981	2.1065221290565112e-05	0.00218483230848931	0.0024015580438837615	0.008430475141970178	0.0007823115791764574	0.0017322033505099133	0.0035282098497782127	0.00148260960327143	0.007751556290483831	0.004866802454477298	0.0053633286591287304	0.002884651906486466	0.003857744903247591	0.0009246992218740862	0.001261370317034157	0.00044455055439455635	0.00612844537597407	0.00041484244067272505	5.876043651124288e-05	0.0015274960655446348	0.00444910437010056	0.0024132998404816867	1.9826554068024323e-05	0.00813294681315911	2.9639781414411647e-05	0.0004344784741384878	0.0007247533641748763	0.001598027222404167	1.8067415308085776e-07	0.001080292207679818	0.00022564769393413643	0.004865193594161758	0.0010501226006386286	0.0017534996004737182	0.0003310523020129012	0.003231214867136197	1.2088038148881902e-07	0.00032407190830057185	0.010579646044880157	0.0006870633690985574
rs100264	0.013972149794519849	0.002201664301677864	0.004874915098609675	0.00635871082842431	7.312412251053203e-06	1.1523416004041858e-05	0.005159772313591498	0.006057524985218777	1.0	0.0005941992753026429	4.160414383772986e-05	0.002477445479159447	0.020062929056171963	0.024497962839636712	0.0005112029196450897	0.001266150884094356	7.645108744721663e-06	0.00019174814793791807	0.017970182445078968	0.0003251380312186727	0.0008893878326984579	0.0005032429450998301	5.1245917857928295e-05	0.012742385353730406	0.00012202108135063175	0.0034525083980779274	0.00027566638369159633	0.0016809749502518165	0.03258153409975731	0.00033324940700166277	0.007250480725033693	0.0012435197218992682	0.00031350657794119926	0.0002785680857543965	0.010910032532318543	0.0023198886899875814	0.007178111045766028	7.722709053870671e-05	0.005896087607659226	0.005081125073010706	2.6887404204425954e-05	0.005923836078447331	0.00010510460460125124	0.002498188233390077	8.415147739752165e-05	9.940105617414072e-05	0.013601106247802893	0.0007346509442182654	0.0007233789257712418	0.001069767775031589	0.008522603480841781	0.0008604461760490649	0.0010523617032103644	0.0006739072805959306	0.0035964909172132857	0.012583848993812055	0.0026315420323735437	3.108220394513967e-07	0.0010717626543793421	0.00309304396455349	0.00010130110996807436	2.449970600352839e-05	0.009361069485347963	0.008981252793350148
rs100303	0.000429603070547068	0.015563521747833667	0.003162316031932642	0.030208590925689092	0.0005736092901292292	0.000736766319250155	0.0030333463740900364	0.0012879205566364287	0.0005941992753026429	1.0	0.000841790626478664	0.019911635336451513	0.00042761170030427426	2.9614614562270012e-05	5.406688677313581e-05	0.004359937652439009	3.846156472114222e-05	0.005926650468294287	0.000546378528402337	0.002420695730732973	0.010747354416038052	0.0012508215033718505	0.011600526334787059	0.0011442686231604219	0.00925491096945402	0.004327875858704254	0.0001386943645049804	0.0020980756726465865	0.002577739442209002	0.029581818636499935	0.00010924544526488121	0.008926076537428516	0.0020618776849806366	0.011148868612813168	0.00022290366072824703	0.006392739843760304	0.0023217702083555003	0.0029141564517371006	0.020470770965157023	0.006795261347111053	0.003127771021972646	0.008098547160443257	0.0025423297398302004	0.006394354480726795	0.0011919866522572898	0.0005606627865707042	0.002477532292597792	0.009334270059400273	0.00010036420143209121	0.00013760889259243898	0.0006876944950634724	0.034852351976586066	0.014303485701522439	0.01315623561183087	0.0006775658998614357	0.005993631766248366	0.003938330631979485	6.204665015194679e-05	0.007940320261718804	0.012448347529823413	0.002198357447358863	0.0010663749893942817	0.0002724378075567438	0.0014079179415388107
rs100330	0.0020409175625208205	0.022338559653503835	0.00025138408633088467	0.0018877921149959274	0.0018609864080559445	0.0027397253475037694	0.018644668818737515	4.907602574265273e-05	4.160414383772986e-05	0.000841790626478664	1.0	0.0005348779557935515	0.0014235881347064408	0.0034816366494751705	0.00019461064869953496	0.013717260715935726	0.0154934130286338	0.004547212157020817	0.009667326859456945	0.03326236507570278	0.00427232666129358	0.005050192341784981	0.0010979674945803682	0.0008177209246104528	3.670349314871257e-06	0.02566264861021547	0.0054414481022276254	0.0005556637738112092	0.009450000804617357	0.001332909274987734	0.001449049512801182	0.0007451315468746246	7.85675497024275e-05	0.024832344763888983	0.0002494402739725152	6.114030095388802e-05	7.460252805532337e-05	0.004542249575548846	0.0005819346750712524	0.013907747361960742	0.00014356795496717466	7.228106683050354e-05	7.606042826553945e-05	7.975967595760079e-06	0.00039174332946099777	3.488732412244736e-05	1.4554946855136225e-05	0.02039528913382166	0.01058179212803777	0.018518656780634767	0.006426793234244665	0.001657589237591091	0.006955532394469385	0.0015989606660256198	0.008499949738935654	0.0008929014336028575	7.741321471082854e-05	0.005692362865247105	0.00019589758677713564	0.029140558978348507	0.009143853768621727	0.0019741028905670087	5.524263920017668e-05	0.024979433045476878
rs100345	0.010945056984222355	0.004842680595042503	0.03143406004983282	4.232390157072282e-05	0.0032994226010448395	0.0030621221994069957	0.0005425004733279602	0.0009084491480743066	0.002477445479159447	0.019911635336451513	0.0005348779557935515	0.9999999999999996	0.0004997553101163327	0.001051233907100032	0.0015874930716139161	2.1761142422593332e-05	0.0010914554108559659	0.031842923812595764	0.001114069167536382	0.0006899660023343611	6.682665449051134e-06	0.006182903813200038	0.0073161332556494095	0.01981544539642573	0.008257178687109562	0.019842203444866872	0.002494815025055986	0.0003876150941877821	2.5741763848043156e-05	2.9967507729744585e-06	0.0003656535832430065	0.005228841323562191	0.00358851498873225	5.4553945123095696e-05	0.00019390546048381064	0.00478468492812253	0.0007643289445734563	0.00247744547915944	0.017334206430722383	0.0020224796762449127	0.015064448208388093	0.020954422447985607	0.00459150582666887	5.8945112551707414e-05	0.0017443350464790498	0.012617375934704656	0.00019811902178595815	0.0035248068950725904	0.000767170321945399	0.0003798123593677164	0.0012981871576324472	0.0002408293858833501	0.001688184959788908	0.008504988984017664	0.015883856857270645	0.0007332050224544062	0.00012965248288197232	9.577629255199722e-05	0.010771305224317887	4.159008833190851e-05	0.0006507358528894318	0.000775603229548788	0.0017517767723981613	0.0005340317664657388
rs100393	0.0002038201723736312	0.0011711405044414255	0.0012698421088100107	0.0005305180118947721	0.012939453124999977	0.007741119175479207	0.01698157384378189	0.0010722295106629955	0.020062929056171963	0.00042761170030427426	0.0014235881347064408	0.0004997553101163327	1.0	0.010343836797241537	0.011415876913818582	0.002496349677358567	0.0005731447305073444	0.00031361115864989145	0.003612686884179729	5.340698410760683e-05	0.01070490809937381	0.044212592588805874	3.515034584034687e-05	0.0022962506353930235	0.000989995630097414	0.000259352914478375	0.011113920806652283	0.0007669888019634879	0.0008114398549425969	4.284269874728274e-06	0.01826965340973828	0.00597482301320242	0.0015914468136721174	0.00044923629829289943	0.0012517975639759539	0.0015999300030623506	0.015619925000738106	0.0021672947471800055	0.0025225172221422314	1.567103366138068e-05	2.3214917906246527e-05	0.02749271747615331	0.0015918019992327513	0.0001896079372204219	9.746332211530663e-07	0.0004749560315646486	0.00045192633600723127	0.017114670586721704	2.2925789220293815e-05	0.0003850596842510556	0.007214432824184877	0.01696171699878214	0.006104328523862399	3.8201912387734165e-06	2.6241897814049862e-05	0.004622641509433954	0.009933876217715399	6.822583587091716e-05	1.9700260535945595e-05	0.0025996441090780573	3.375299557835679e-05	0.004842968875987732	0.02101200686106338	0.001072421998056233
rs100394	0.03151591595534697	0.00013583541851199728	0.008405543009801909	0.010063472679953256	0.0066978711341417144	0.004401781995652528	0.0010850249955441807	0.002125123899712185	0.024497962839636712	2.9614614562270012e-05	0.0034816366494751705	0.001051233907100032	0.010343836797241537	1.0	0.0023087375274235718	0.0006312800751638459	0.00031273293635210536	0.00041516278253019186	0.01491459732580026	9.774405738125255e-08	0.0010089096875645631	0.02692122304377093	4.2379990200066055e-05	0.009093867762559877	9.251908981715386e-05	0.014151434040840412	0.0003620335758487113	1.4979281208491251e-05	0.0009135629521890651	0.0006563962174228766	0.0006644258515511095	0.00016724307717766885	0.0008883907644929527	0.0001119078953258311	2.7622444686486332e-06	0.0175588447447048	0.00963887395732836	0.0009823961826690058	0.0017683633401103821	1.5615055161745546e-07	0.005665545285529459	0.007437495838178094	0.002724121145688864	0.00014821415819987453	0.00562414363233143	0.004976854232904857	0.0020815672659193637	0.011612432976232592	0.003920240993965335	0.016335595151766313	0.0023285195373779805	0.0011538845070823774	0.007420804039197605	0.0039223021710896614	9.43948544606528e-05	0.001504042113179168	0.0031018501554806815	0.001575645328311969	0.01311713365927779	0.003799511413724612	0.0120138390708571	0.010441523131878497	0.004653130287648038	0.007504181697904603
rs100478	0.0016775887995316542	0.023918860479243517	0.00522366469092121	0.0014228689354894028	2.0346360362676966e-05	0.0039922396273168615	0.0036002265097908742	0.002829804141752447	0.0005112029196450897	5.406688677313581e-05	0.00019461064869953496	0.0015874930716139161	0.011415876913818582	0.0023087375274235718	1.0	0.02112555030006504	0.0013408630857759366	0.006113858590794094	0.00745887894664669	0.0012026632906711877	0.0002883508852967042	0.0032063595262481334	0.01056720296960016	0.008500489932905603	0.011325837568033896	0.0023900961275625464	0.002579636836721976	0.005106826581094566	0.0009521860323127885	0.002930558507471037	0.010163558252955908	0.030260457568756706	0.01762217008384654	0.0009569128918366881	0.005601640480426435	0.00027197905005166224	0.014761767757137058	0.0012401505094870482	1.0057991572190944e-05	0.0027521170829833863	0.004964781739075425	0.005996739610257369	0.0158504019274592	0.004375452248493664	0.007443931353357181	0.0032226381778671927	0.001001533682682864	0.01590217543344107	5.69599201404726e-05	0.007530275630283047	0.0053695514146852134	0.0004553050619107208	0.007367340924479335	0.002839464305501982	0.0018288785367612222	0.04642788245128933	0.0029862734819497004	0.00010819924440283644	0.035730583656832675	0.0032989775771590396	0.03698247637843256	0.009354456552385931	0.005087366494993001	0.024202780674782126
rs100489	0.0016948030387497824	0.003127275634846987	0.017556055500387868	0.007159639626139221	6.6235693090294115e-06	0.013712936760945144	0.001773326579294932	0.004114509873881283	0.001266150884094356	0.004359937652439009	0.013717260715935726	2.1761142422593332e-05	0.002496349677358567	0.0006312800751638459	0.02112555030006504	1.0	0.0005838112533238889	0.001630151317491747	4.212713838982636e-05	0.0006242785602815881	0.01030951138024188	0.0002465557327934112	3.519651908180957e-06	0.0005467066593093595	0.0068604701777938894	1.9584925822497728e-05	0.0020308093234967703	0.00019920250071512954	2.3010020757061094e-05	0.0014483645172767802	0.0036089315243810005	0.0003985161219401352	0.010186443210568467	0.0007009068051882836	0.001279553837777015	4.508834343225893e-06	8.02706114696753e-05	0.0020685151429635966	0.0073758745988254165	1.916898611398689e-06	0.00017213357002894827	0.00468613926829857	0.000727031972025981	0.00167167756498895	0.005673155713092951	0.017716257108570922	0.0017602212559478974	0.00442376116039081	0.00039426288835881353	0.004609703850453558	0.0041326316828112445	4.798215222555838e-05	0.005660172530481523	0.0003929909952525368	0.00034909721129041435	0.0003768074984692192	0.0016825743091478293	0.0014281514443447937	0.0003511484913788581	1.077152412463957e-06	0.0017230180089886087	0.0014714513972674183	0.006680839766893149	0.001526011806356085
rs100545	0.01866959825647546	0.024117615128625904	4.501508175428145e-05	0.0015264282950158273	0.0003844547387606318	0.001829438657360925	0.006486710082095977	0.00036856780822519433	7.645108744721663e-06	3.846156472114222e-05	0.0154934130286338	0.0010914554108559659	0.0005731447305073444	0.00031273293635210536	0.0013408630857759366	0.0005838112533238889	1.0	0.021713829971316427	0.0009608687473626952	0.0003341767183481272	0.0012371544906793735	0.0002768548368778554	0.015594154097436128	0.00357209966640723	0.0040167683705079425	0.005411431649359288	0.0009996423954408314	0.0021515573600450377	7.168112964879642e-08	3.9729705569773924e-05	0.006378314569164972	0.006113040218719618	0.010943318558223572	0.006509286582190585	4.463055385401996e-06	0.0030463202471830227	0.00032135570273266357	0.012851427799877307	0.009112764412689175	4.9450394190283675e-05	0.01480094170482361	0.00031388204655998886	0.012167421954176092	0.00670230463988068	0.002435845268560895	0.0026916792370609136	0.006992091151839696	0.0013133305977898794	0.00354480614295268	0.00044790091006025566	0.006501198815424911	0.0008286096521089759	2.9239576091123613e-05	0.005316132638358054	0.000745263520787105	0.000874848116646415	0.0024287058467416245	0.001990679556005197	0.0011040583739544952	0.005805727555423799	0.0002630108877812972	0.0010917427381582885	0.012178283441952941	1.0791002030866485e-06
rs100553	0.000527663219315689	0.007868227559476066	0.0046355444225321925	0.0010035530146807246	0.006630139509185497	0.008178398877784834	0.007661005118602118	0.00533098054501554	0.00019174814793791807	0.005926650468294287	0.004547212157020817	0.031842923812595764	0.00031361115864989145	0.00041516278253019186	0.006113858590794094	0.001630151317491747	0.021713829971316427	1.0	0.0021224288080082723	0.01793832621559123	0.0002470827675379106	0.0013014310802059992	6.56567410111464e-05	0.009517411767999917	2.4545377102820666e-05	0.008153027366571692	0.009175988160420862	0.0020879399364461715	0.0022641563102357913	0.0023687911391052515	0.0175151111413207	1.044122834878959e-06	0.0025947669397644118	2.7406330643127926e-05	0.04625893862381406	0.011516927012936681	0.0007062032399748623	0.010730007434026507	0.0012170725518078408	0.006088067783325476	2.393480589417721e-06	0.004237409209242585	0.00023888584956802326	0.00042439298790679814	0.00016201613572829445	0.00038150550881775385	0.006795837856034296	0.0030473488284709	0.00013432365466412138	0.002614622671205766	0.0018888267387398552	4.139099410357027e-05	0.00014231360057594895	7.840019526030567e-06	0.005801820329853507	0.004512178277084567	0.0039806461813239906	9.027428101839197e-05	0.0006524689735312935	0.0009305033016990222	0.004319359297371235	0.000521865726295029	0.018510185886676443	5.597901240918533e-05
rs100696	0.0012994711805895906	0.0015775106143048057	0.011327513610615928	0.00045377840706600526	0.0016112600244072514	0.006271552532512706	0.001737672191026457	0.004993269645890932	0.017970182445078968	0.000546378528402337	0.009667326859456945	0.001114069167536382	0.003612686884179729	0.01491459732580026	0.00745887894664669	4.212713838982636e-05	0.0009608687473626952	0.0021224288080082723	1.0	0.004102128968437648	0.003942562194181193	3.9351952690855156e-05	0.004573347835872191	0.004454111783629437	0.0009066183877367623	0.0028484542244625283	0.00017531792554480885	0.0002361757030600759	0.0011515323829503232	0.00480806902888009	2.080102512952894e-05	8.211775340395328e-05	3.408934361717225e-05	0.0010673725557168454	0.0038999643411967164	6.342245937778293e-05	0.007882721713825445	0.0015197721592274105	0.00039630017326774773	0.01026018074837209	0.0004638786024365451	0.00629876901678769	0.042111581505585985	0.003977665837822832	0.00019885178097082718	0.00960515802835227	1.0737640081462878e-05	6.909627974192809e-05	1.960956627270724e-05	0.009078003586371822	0.0033734040380222607	0.0008873670137667708	6.526003326396724e-06	3.392655590473138e-05	0.002826810276720368	9.962143853357243e-05	3.622293702597431e-05	2.0128661995787968e-05	0.012132908261058997	0.0006073688082056306	4.312770684279924e-05	0.0031683023314822284	0.003301092213226092	0.006187676881137702
rs100770	0.008900560418862917	0.0011466002686649664	0.00022723579394891527	0.0008203560679814287	0.0006579992490324029	0.018215224127047576	0.0047241451614960595	4.2508262441052065e-06	0.0003251380312186727	0.002420695730732973	0.03326236507570278	0.0006899660023343611	5.340698410760683e-05	9.774405738125255e-08	0.0012026632906711877	0.0006242785602815881	0.0003341767183481272	0.01793832621559123	0.004102128968437648	1.0	5.55498766310839e-05	3.7577333440113624e-05	1.0056267146398893e-05	0.009536113744568794	0.0055880527824830875	0.004407145527117526	0.011537825310378105	0.013634922670063197	0.003279597408060239	1.8888306674324904e-06	0.007273126370246675	3.849785303798646e-05	0.00011597642424482676	0.002785182006486378	0.0005518871820382739	5.374851500353714e-05	0.003027465236221199	0.005305495342778682	0.003941766869419399	0.001274754534544981	0.0014030511818806256	0.0029248272870717558	0.011253227846418908	0.005098258188316643	9.69492904990444e-06	0.005546876329512487	0.0016468708934162166	0.020593187117523396	0.0024544897424733595	0.004866626622921177	0.000660683288568853	0.0011677094850768086	0.014652363169287225	0.0026167431679253593	0.00026103495337565695	0.016636820518745356	0.00054072394855963	0.00012175306630606516	0.001173745926868223	0.00043236072350508333	0.00011253663253399996	0.0007604102327110916	0.00010634331297493435	0.00024425172220294075
rs100805	0.024647898612754196	0.0001889652616257881	0.0020104439997725904	0.005057571050410382	0.0017059763810341082	5.304801057870845e-06	0.00037459115250787484	0.0005083810122223644	0.0008893878326984579	0.010747354416038052	0.00427232666129358	6.682665449051134e-06	0.01070490809937381	0.0010089096875645631	0.0002883508852967042	0.01030951138024188	0.0012371544906793735	0.0002470827675379106	0.003942562194181193	5.55498766310839e-05	1.0	0.0017533519085794487	0.0003462205331562113	0.0013709472660178327	0.003176404434704198	0.006396708360489493	0.006240482408230512	0.00014483400741904781	0.009673003206778802	0.0004771556897926671	0.009059272675498596	0.04281634621971354	0.001591946830624736	0.003005645805080273	0.004630131950599812	1.1306564517765963e-05	0.00016720986165201325	0.0036684294185561146	0.017488712170067915	0.0016111379895064686	0.005628894324018564	8.988185122372814e-05	0.0002515419987105235	0.009306793118914806	0.00662736357707466	0.00021639085124522172	0.011853892699351843	0.0005996607015147312	0.0011016834970560849	0.00422095721746583	0.000456822568967715	2.7207701895790037e-05	0.013058589146901665	0.0032752233275040415	0.015778832839996107	0.0004039587962027879	0.0005031797203778296	0.0018363267526743201	0.005033984575859867	1.68347976871503e-05	0.001621977670978809	0.0010273759768811242	0.015979324654339724	0.005430842146463406
rs100834	0.00032707424561484206	0.008669969955710967	0.00013071166477233545	1.0340007076365176e-06	0.00012805642102411136	0.004722521278178881	0.00041619458089408196	0.005477699923671441	0.0005032429450998301	0.0012508215033718505	0.005050192341784981	0.006182903813200038	0.044212592588805874	0.02692122304377093	0.0032063595262481334	0.0002465557327934112	0.0002768548368778554	0.0013014310802059992	3.9351952690855156e-05	3.7577333440113624e-05	0.0017533519085794487	1.0	0.007308585317853387	7.524403823841978e-05	1.6048076260458207e-05	0.0004303679145241355	0.021272630366462594	4.405354267578237e-07	0.020085000927258623	0.0022678331636641733	0.00032001914972151096	0.0008463498043782936	0.0008310023013356197	0.01951335939415049	0.004334868599295588	0.0004782319221109202	3.815905457126333e-06	0.00336877344629815	0.005668847230805952	0.0002450514900660753	0.0005201075616772491	0.0019290383978701796	0.002981488482592734	0.009068907830478678	0.0015893986387255242	0.00048449932340363145	0.012850484346938702	0.003258326013297224	0.0014777661863789296	0.028663212779015707	0.0008868714463030759	0.0013505913684311302	0.00035061437200184986	0.013332474668330986	0.0005158584068528872	0.003386616093199667	0.0010970127116334838	0.0005846242561065653	0.0008713442314656869	0.0004240342901952193	0.010473185997560166	0.004450650346071634	0.0027154503583655598	0.00020235482304660135
rs100839	0.009405927400821478	0.007328280058414272	0.0002964402998243775	0.0009836161938607745	0.0007770453839784754	4.587183050584204e-05	0.003053379841547605	0.0006345849955539553	5.1245917857928295e-05	0.011600526334787059	0.0010979674945803682	0.0073161332556494095	3.515034584034687e-05	4.2379990200066055e-05	0.01056720296960016	3.519651908180957e-06	0.015594154097436128	6.56567410111464e-05	0.004573347835872191	1.0056267146398893e-05	0.0003462205331562113	0.007308585317853387	0.9999999999999998	0.0010888783542544658	0.0015803262805897259	0.002913599953336854	0.006148177408984528	3.3657964399972105e-07	2.052746650118367e-05	0.0022337195199561627	0.002702027404619506	0.0006123033668337109	0.00833438600500495	0.006037397364244782	0.006022476130302503	0.031984624529021066	0.006624211332069284	0.012300322692132567	0.021728106762281926	0.0023938696032200506	0.00010703201619857262	0.004035700313377206	0.04430416456699122	0.021763328136629054	0.004900691676618991	3.4146916505669082e-06	0.0005466194499843183	0.0010994698126338843	0.0021753494103115235	0.013129755110489562	0.00927833769340054	5.596069506668587e-05	0.004189188142090373	0.006806659544937123	0.07284001763068725	0.000413992962119643	0.01043149447926561	0.0012935332457107917	5.192472417084086e-05	4.733807259163699e-06	0.010327235886005993	0.0006448736525325196	0.005438362093298937	0.01556720160979287
rs100867	0.00029558037381297947	3.029189458950794e-06	0.0057710463678823445	0.008018724146494457	0.0003617655363340804	0.00971817291651739	0.0001589336397682921	0.004447412341890981	0.012742385353730406	0.0011442686231604219	0.0008177209246104528	0.01981544539642573	0.0022962506353930235	0.009093867762559877	0.008500489932905603	0.0005467066593093595	0.00357209966640723	0.009517411767999917	0.004454111783629437	0.009536113744568794	0.0013709472660178327	7.524403823841978e-05	0.0010888783542544658	1.0	0.002526334812235155	0.007273083890940856	0.009378652691063487	0.0005590858619180648	0.00013130952616859348	0.005252936424787692	0.002471073715849954	0.0161918584798519	0.00020465755988815224	0.00029514312473929077	0.01870159819884611	0.0015031423940956462	0.00899505099328022	0.008191902799034081	0.01548900206273937	0.0002713028816401943	0.00017287222481909622	0.0066554586007136814	0.00288057666485051	0.001597391746360366	0.0028288299408755083	0.002916370555586443	0.0003170343792608709	0.002556703981661623	0.0008547842176937079	0.0006611908715885705	0.0015867851191638273	0.008790667253023857	4.772795771185095e-05	0.005993332417824606	0.0031576400998301296	0.007051953060437441	0.0030153877875766445	9.026110267160365e-05	0.0008352594086548587	0.00015245175291453585	0.0011283795084546732	0.010333599853461021	0.0019044780903631632	0.014747069995898936
rs100894	0.0005668030536514485	0.000295994686534407	0.0007527354212290396	0.008765453677571835	0.019734608782537362	0.010264346198307484	0.009588587963581634	2.1065221290565112e-05	0.00012202108135063175	0.00925491096945402	3.670349314871257e-06	0.008257178687109562	0.000989995630097414	9.251908981715386e-05	0.011325837568033896	0.0068604701777938894	0.0040167683705079425	2.4545377102820666e-05	0.0009066183877367623	0.0055880527824830875	0.003176404434704198	1.6048076260458207e-05	0.0015803262805897259	0.002526334812235155	0.9999999999999998	0.0002959946865344086	0.00319137269404411	0.00625511358618403	7.168945988043602e-05	0.00013570923152274027	0.0025042614533134066	0.011595402380422939	0.00042177856953708946	0.00439200070272009	0.01093138995838877	0.01368670008983877	0.003951975843583716	0.00039699216169356396	0.0299144297854735	0.001062421565336276	0.0003359680143823785	0.0002252285325047767	0.0051846410165021	0.0009711641914814147	0.0014415808164269892	0.015499244043895145	0.0034475013899235643	0.0045631043275383915	0.0003787900484557388	0.002937411898557328	0.00020498392230147892	0.0010499168751896936	0.0029605490298375706	0.004825462152920258	0.0022579811123200856	0.0025620004099200554	3.221603335668e-05	0.007994046282368121	0.0010940296817009642	0.0031024464309973507	0.0012763253562692938	0.002796084037117021	0.0006707782891427038	0.0017481671003106397
rs100915	0.0001001912155978609	0.00014466054959199996	0.004852727517328339	0.0004948946093959206	0.014507700077856536	0.005173979433017321	0.01668408615283612	0.00218483230848931	0.0034525083980779274	0.004327875858704254	0.02566264861021547	0.019842203444866872	0.000259352914478375	0.014151434040840412	0.0023900961275625464	1.9584925822497728e-05	0.005411431649359288	0.008153027366571692	0.0028484542244625283	0.004407145527117526	0.006396708360489493	0.0004303679145241355	0.002913599953336854	0.007273083890940856	0.0002959946865344086	1.0	0.0050907186341698244	0.0006761098538820392	0.012268229773264003	0.0016154089846469014	0.0004269588963112555	0.002073210404304082	0.00017992595887094908	0.008181966944853545	0.0010224077702990525	4.553065408199295e-06	4.840036784279626e-05	0.004631875688969383	0.0024002744701610295	0.0015428597116142048	0.009741649674802693	0.015105017320835983	0.03474492627223646	0.0005927059811856413	0.003331694911252726	0.010107631792600628	0.0014867172870753364	9.608697160566188e-05	0.009620322932194279	0.0014598784101269315	0.0070032277451905715	0.003553960569501639	0.004346642593307253	0.007965912656749124	0.0034842206386303987	0.0038659793814432995	0.00037227468872471427	0.010553487512238995	0.0013643445898489576	0.0028291574683327212	0.002975367156618656	0.003818480703145671	0.003299750078100596	0.0003206390043519893
rs100918	0.00029021721030455714	0.0023645436992417628	1.4651396042551494e-05	0.009319564253434633	0.00018405553218342236	0.0017891017652819877	0.0057098154512233825	0.0024015580438837615	0.00027566638369159633	0.0001386943645049804	0.0054414481022276254	0.002494815025055986	0.011113920806652283	0.0003620335758487113	0.002579636836721976	0.0020308093234967703	0.0009996423954408314	0.009175988160420862	0.00017531792554480885	0.011537825310378105	0.006240482408230512	0.021272630366462594	0.006148177408984528	0.009378652691063487	0.00319137269404411	0.0050907186341698244	1.0	0.01359613055232665	6.271634439805544e-05	9.629063264091688e-05	0.0002839571324291355	0.0019625807057568377	0.00129280828776653	3.577367000649738e-05	1.0816854049346312e-05	1.6741935368923163e-05	0.002377749881705043	0.029974594809339734	0.0010086379784450825	0.021677895605708746	0.0005155713205545315	0.0048227787693666665	0.003386050851424352	0.00431968914172753	0.0030982812221425817	0.018480501252148212	0.002479205301159212	0.004735937135321099	0.006183849637542931	7.665786429964666e-08	3.572922134139055e-05	0.004376263662225617	0.007707071814077742	0.01784522542285557	0.0021666843176641228	0.01201995312218285	0.0043475526769098365	1.2817380460152757e-06	0.003134553397794613	0.0027607612799030465	0.0326410535585674	0.004785443836769018	0.0018699222527577665	0.002897652020649149
rs100971	0.0011241593897420466	0.0006761098538820427	0.006947379089310155	0.008760021707234736	6.351626016260173e-06	0.000232509382445978	0.00013743663542933757	0.008430475141970178	0.0016809749502518165	0.0020980756726465865	0.0005556637738112092	0.0003876150941877821	0.0007669888019634879	1.4979281208491251e-05	0.005106826581094566	0.00019920250071512954	0.0021515573600450377	0.0020879399364461715	0.0002361757030600759	0.013634922670063197	0.00014483400741904781	4.405354267578237e-07	3.3657964399972105e-07	0.0005590858619180648	0.00625511358618403	0.0006761098538820392	0.01359613055232665	1.0	7.769884789874913e-06	0.008087252534650667	0.0024747995538626573	0.0011694365326089357	0.003682622683247976	3.87146728610146e-05	0.0034401666330713095	0.0007373356277451427	0.022008473605862725	0.0008625132270770453	0.0008518952609761141	0.0018488507144207608	0.0013009130398901638	0.006720648437564113	0.0007026183839777124	0.0006456044872179625	0.0009616333572292779	0.007968027280021602	0.0060853901952192995	0.002011914722456064	0.0012348240128816827	0.001511946241911401	0.0035297791057052816	0.00043958718352385114	0.0031694274161992936	0.001069634911777343	0.007872270655947181	0.01873170731707316	0.0009281512993071798	0.0038446747097535127	0.0003569511027921514	0.0036512377975792334	0.0012827784807365023	0.010841845597943144	0.0018107908351810728	0.006875189533422886
